bdays = [1985 11 23; 1955 04 12; 2005 02 21; 1945 05 23];