r1 = randi(10000);
r2 = randi(1000);

rt = 1 / (r1^-1 + r2^-1)


